2 1.0
3 1.0
4 1.0
5 1.0
6 0.882352941176
7 1.0
8 0.969418960245
9 0.935871743487
10 0.892709766162
11 0.933541017653
12 0.868877166541
13 0.920391916718
14 0.904038004751
15 0.882574331953
16 0.908279470606
17 0.879937629938
18 0.852026592323
19 0.850054328142
20 0.877512264599
21 0.864722559741
22 0.847750865052
23 0.865454545455
24 0.886660698299
25 0.876157589075
26 0.859434682964
27 0.867817509248
28 0.855907149896
29 0.838644733612
30 0.843623594257
35 0.84077496938
40 0.816023409141
45 0.834379733071
50 0.805087365906
55 0.806503530268
60 0.802195320021
65 0.803000215934
70 0.797706825408
80 0.791917598269
90 0.79272626888
100 0.793713077259
110 0.780701399615
120 0.785095779031
125 0.783925252018
130 0.773480706095
140 0.783652743762
150 0.782543057113
160 0.77461273324
170 0.770874420457
180 0.771214167383
190 0.771214167383
200 0.773536483103